3.31959319
8.92186260
2.87136722
2.05107117
1.74468446
1.47226954
1.30484831
1.10684705
0.91897249
0.80350268
0.70123804
1.04228330
0.68340415
0.68612933
0.57709646
0.56444591
0.50093865
0.41161299
0.36326665
0.33395621
0.30287099
0.26438335
0.22568849
0.19043982
0.17214559
0.13741469
0.11282703
0.09879495
0.10769045
0.10583589
0.08451800
0.08042391
0.05583245
0.07312151
0.05826060
0.06296518
0.03964191
0.07285932
0.05653001
0.04500668
0.04735875
0.03963551
0.02811340
0.03626042
0.02329112
0.04576777
0.01920637
0.05250997
0.04243771
0.02480195
0.03519543
0.01460069
0.03405515
0.01368558
0.03049017
0.01656141
0.02261017
0.01884428
0.01731003
0.01265136
0.01769882
0.01174347
0.01247538
0.01159714
0.00996765
0.00915532
0.00951466
0.00794026
0.00708736
0.00740631
0.00769870
0.00489801
0.00678113
0.00535580
0.00773630
0.00542308
0.01155316
0.01298822
0.01863955
0.00379407
0.00800668
0.01527610
0.01226190
0.00397210
0.00766660
0.00897723
0.00512312
0.00596173
0.00663073
0.00358309
0.00514712
0.00643348
0.00255468
0.00399867
0.00468845
0.00333347
0.00336386
0.00307395
0.00201058
0.00284313
0.00318074
0.00208007
0.00262057
0.00288342
0.00239534
0.00298609
0.00517785
0.00776434
0.01508857
0.01262067
0.00841598
0.00284689
0.00207754
0.00412511
0.00560868
0.00543049
0.00241019
0.00148159
0.00316048
0.00399413
