3.01504445
11.39675426
4.26095390
1.89936805
1.65791535
1.62152767
1.38791013
1.27045155
1.19840360
1.09236372
0.90971041
0.75843966
0.68081427
0.59081221
0.62688458
0.56893158
0.51522398
0.50722784
0.45507163
0.42962277
0.38847601
0.30866140
0.35529405
0.24982770
0.37515962
0.33531311
0.33232883
0.41816264
0.27153328
0.22199923
0.20540360
0.15587455
0.15812978
0.13228017
0.12128211
0.10829982
0.09771046
0.08887278
0.07190786
0.10343340
0.08134420
0.06565899
0.06595287
0.05596814
0.04659988
0.05602608
0.03535141
0.06665862
0.04814208
0.05176139
0.04687528
0.03583997
0.03450784
0.03504207
0.03119383
0.03002481
0.02400770
0.02886320
0.02140368
0.03340360
0.02572473
0.02689142
0.02538362
0.01971220
0.01888916
0.01966104
0.02000314
0.02333933
0.02189732
0.01203541
0.00938465
0.01332825
0.00665979
0.01858995
0.01714847
0.02173458
0.00682786
0.01123549
0.00805870
0.02578388
0.00579969
0.01452397
0.02155229
0.01016970
0.00444187
0.01328068
0.01678734
0.00957673
0.00437341
0.00855359
0.01403789
0.00850050
0.00701070
0.00484261
0.00820081
0.00674959
0.00728015
0.00483421
0.00509375
0.00655808
0.00617690
0.00620765
0.00289165
0.00268373
0.00226944
0.00362899
0.00539481
0.00542157
0.00666559
0.00578852
0.00745263
0.01012583
0.01525989
0.00409014
0.00194912
0.00733380
0.01236662
0.00830494
0.00254165
0.00214563
0.00634873
0.00717763
0.00495306
0.00174525
0.00199855
0.00464158
0.00514516
0.00394055
0.00185802
0.00145435
0.00276635
0.00376353
0.00390878
0.00272672
0.00152066
0.00110179
0.00152422
0.00248542
0.00341806
0.00420481
0.00484652
0.00565092
0.00700035
0.00823478
0.00969563
0.00782126
0.00514232
0.00223149
0.00241878
0.00412326
0.00408654
0.00298331
0.00186928
0.00202618
0.00262002
0.00259578
0.00241508
0.00211402
0.00206232
0.00188384
0.00150043
0.00122318
0.00125309
0.00173141
0.00239067
0.00319555
0.00381681
0.00457433
0.00490727
0.00529345
0.00472849
0.00397015
0.00254037
0.00158145
0.00121832
0.00147575
0.00188163
0.00195927
0.00180682
0.00142081
0.00119526
0.00114764
0.00129237
0.00151478
0.00167776
0.00177487
0.00174300
0.00165360
0.00151182
0.00135780
0.00120981
0.00108486
0.00104802
0.00114386
0.00152828
0.00232797
0.00422866
0.00733572
0.01391587
0.00502561
0.00236690
0.00316641
0.00403900
0.00339878
0.00262203
0.00313730
0.00273743
0.00197630
0.00207411
0.00220702
0.00168135
0.00119281
0.00158387
0.00204701
0.00178362
0.00126385
0.00109264
0.00110531
0.00095253
0.00067062
0.00062719
0.00094259
0.00141052
0.00184340
0.00231801
0.00337833
0.00553759
0.00987874
0.01499579
0.00383352
0.00196895
0.00693091
0.00969911
0.00565394
0.00235580
0.00389501
0.00501186
0.00294034
0.00224415
0.00374602
0.00305950
0.00145123
0.00204022
0.00283681
0.00212969
0.00106232
0.00115709
0.00183874
0.00192127
0.00160157
0.00132890
0.00120232
0.00104105
0.00093431
0.00101616
0.00129311
0.00173436
0.00247974
0.00462469
0.00910898
0.02104221
0.00150371
0.00819313
0.02889980
0.00270663
0.04370194
0.00436296
0.05285715
0.02274626
0.08235737
0.08491611
0.00982867
0.04502368
0.01339838
0.05157487
0.03254560
0.03328533
0.03290652
0.02023327
0.02067414
0.01886088
0.01541406
0.01669250
0.01078791
0.01454377
0.00874474
0.01128582
0.00842616
0.00707774
0.00930297
0.00390539
0.00926356
0.00238969
0.00749532
0.00232889
0.00574452
0.00250298
0.00426024
0.00240879
0.00330863
